
100 1e-06
200 3e-06
300 2e-06
400 2e-06
500 3e-06
600 3e-06
700 4e-06
800 3e-06
900 3e-06
1000 3e-06
1100 4e-06
1200 4e-06
1300 4e-06
1400 3e-06
1500 4e-06
1600 4e-06
1700 5e-06
1800 5e-06
1900 5e-06
2000 6e-06
2100 6e-06
2200 5e-06
2300 6e-06
2400 6e-06
2500 7e-06
2600 7e-06
2700 7e-06
2800 8e-06
2900 9e-06
3000 8e-06
3100 8e-06
3200 8e-06
3300 9e-06
3400 9e-06
3500 8e-06
3600 1e-05
3700 9e-06
3800 1e-05
3900 1e-05
4000 1e-05
4100 9e-06
4200 1e-05
4300 1e-05
4400 1.1e-05
4500 1.2e-05
4600 1.1e-05
4700 1.1e-05
4800 1.1e-05
4900 1.2e-05
5000 1.2e-05
5100 1.1e-05
5200 1.3e-05
5300 1.3e-05
5400 1.4e-05
5500 1.3e-05
5600 1.4e-05
5700 1.3e-05
5800 1.4e-05
5900 1.5e-05
6000 1.8e-05
6100 1.5e-05
6200 1.6e-05
6300 1.5e-05
6400 1.5e-05
6500 1.7e-05
6600 1.4e-05
6700 1.6e-05
6800 1.6e-05
6900 1.6e-05
7000 1.7e-05
7100 1.8e-05
7200 1.7e-05
7300 1.7e-05
7400 1.7e-05
7500 2e-05
7600 1.9e-05
7700 1.9e-05
7800 1.9e-05
7900 1.9e-05
8000 1.9e-05
8100 2.9e-05
8200 1.9e-05
8300 1.8e-05
8400 2e-05
8500 1.9e-05
8600 1.9e-05
8700 2e-05
8800 2.2e-05
8900 2e-05
9000 3.1e-05
9100 2.3e-05
9200 2.1e-05
9300 2.1e-05
9400 2.3e-05
9500 2.2e-05
9600 2.3e-05
9700 2.2e-05
9800 2.2e-05
9900 2.5e-05
10000 2.2e-05
10100 2.5e-05
10200 2.4e-05
10300 2.2e-05
10400 2.4e-05
10500 2.3e-05
10600 2.4e-05
10700 2.5e-05
10800 2.6e-05
10900 2.6e-05
11000 2.6e-05
11100 2.7e-05
11200 2.5e-05
11300 2.5e-05
11400 2.5e-05
11500 2.6e-05
11600 2.6e-05
11700 2.7e-05
11800 2.6e-05
11900 2.7e-05
12000 2.8e-05
12100 2.7e-05
12200 3.1e-05
12300 2.7e-05
12400 2.9e-05
12500 2.9e-05
12600 2.9e-05
12700 3.1e-05
12800 2.9e-05
12900 2.9e-05
13000 3.1e-05
13100 3e-05
13200 3e-05
13300 3.2e-05
13400 3.1e-05
13500 3e-05
13600 3.1e-05
13700 3.3e-05
13800 3.1e-05
13900 3.1e-05
14000 3.1e-05
14100 3.2e-05
14200 3e-05
14300 3.3e-05
14400 3.2e-05
14500 3.3e-05
14600 3.1e-05
14700 3.3e-05
14800 3.3e-05
14900 3.3e-05
15000 3.4e-05
15100 4.4e-05
15200 3.9e-05
15300 3.4e-05
15400 3.5e-05
15500 3.5e-05
15600 3.5e-05
15700 3.5e-05
15800 3.5e-05
15900 3.4e-05
16000 3.6e-05
16100 3.5e-05
16200 3.7e-05
16300 3.6e-05
16400 3.6e-05
16500 3.5e-05
16600 3.6e-05
16700 3.7e-05
16800 3.7e-05
16900 3.9e-05
17000 3.8e-05
17100 3.9e-05
17200 3.8e-05
17300 4.7e-05
17400 3.9e-05
17500 3.8e-05
17600 3.8e-05
17700 3.9e-05
17800 4.3e-05
17900 4e-05
18000 3.9e-05
18100 4e-05
18200 3.9e-05
18300 5e-05
18400 4.2e-05
18500 4.2e-05
18600 4.2e-05
18700 4.2e-05
18800 4.5e-05
18900 4.5e-05
19000 4.9e-05
19100 4.3e-05
19200 4.4e-05
19300 4.7e-05
19400 4.2e-05
19500 4.3e-05
19600 4.4e-05
19700 4.3e-05
19800 5.2e-05
19900 4.4e-05
20000 4.8e-05
20100 4.5e-05
20200 4.5e-05
20300 5.3e-05
20400 4.4e-05
20500 4.4e-05
20600 4.5e-05
20700 4.6e-05
20800 5.4e-05
20900 4.6e-05
21000 4.6e-05
21100 5e-05
21200 4.6e-05
21300 5.1e-05
21400 4.7e-05
21500 4.7e-05
21600 4.7e-05
21700 4.7e-05
21800 4.8e-05
21900 4.7e-05
22000 4.8e-05
22100 4.7e-05
22200 5.3e-05
22300 4.8e-05
22400 4.8e-05
22500 4.9e-05
22600 4.8e-05
22700 5.6e-05
22800 5.4e-05
22900 4.9e-05
23000 5.1e-05
23100 5.1e-05
23200 5.2e-05
23300 5.6e-05
23400 5.1e-05
23500 5.2e-05
23600 5.2e-05
23700 5.2e-05
23800 5.2e-05
23900 5.2e-05
24000 5.2e-05
24100 5.2e-05
24200 5.2e-05
24300 5.3e-05
24400 5.3e-05
24500 5.4e-05
24600 5.4e-05
24700 5.4e-05
24800 6e-05
24900 5.4e-05
25000 5.3e-05
25100 6e-05
25200 7.4e-05
25300 5.6e-05
25400 5.7e-05
25500 5.7e-05
25600 5.7e-05
25700 6.6e-05
25800 5.8e-05
25900 5.6e-05
26000 5.6e-05
26100 5.7e-05
26200 5.6e-05
26300 5.8e-05
26400 5.8e-05
26500 6.7e-05
26600 5.7e-05
26700 6.9e-05
26800 5.9e-05
26900 5.9e-05
27000 6.1e-05
27100 5.9e-05
27200 5.9e-05
27300 5.9e-05
27400 6e-05
27500 6e-05
27600 6.5e-05
27700 8.9e-05
27800 6e-05
27900 6.1e-05
28000 6e-05
28100 6.7e-05
28200 6.1e-05
28300 6.1e-05
28400 6.4e-05
28500 6.2e-05
28600 6.2e-05
28700 7.7e-05
28800 6.3e-05
28900 6.2e-05
29000 6.2e-05
29100 6.4e-05
29200 6.4e-05
29300 6.2e-05
29400 6.3e-05
29500 6.2e-05
29600 8e-05
29700 7.2e-05
29800 6.5e-05
29900 6.5e-05
30000 6.6e-05
30100 6.5e-05
30200 6.5e-05
30300 6.5e-05
30400 6.6e-05
30500 6.5e-05
30600 6.6e-05
30700 6.7e-05
30800 7.2e-05
30900 6.9e-05
31000 6.8e-05
31100 7.4e-05
31200 6.8e-05
31300 6.7e-05
31400 6.8e-05
31500 6.9e-05
31600 6.8e-05
31700 6.9e-05
31800 6.8e-05
31900 7.7e-05
32000 6.8e-05
32100 6.9e-05
32200 7e-05
32300 7e-05
32400 7.1e-05
32500 7e-05
32600 7.1e-05
32700 7e-05
32800 7e-05
32900 7e-05
33000 7.2e-05
33100 7.2e-05
33200 7.4e-05
33300 7.4e-05
33400 7.4e-05
33500 7.4e-05
33600 7.3e-05
33700 7.3e-05
33800 7.4e-05
33900 7.3e-05
34000 8e-05
34100 7.4e-05
34200 7.4e-05
34300 7.3e-05
34400 7.4e-05
34500 7.6e-05
34600 7.5e-05
34700 7.4e-05
34800 7.5e-05
34900 7.5e-05
35000 8.3e-05
35100 7.6e-05
35200 7.9e-05
35300 7.9e-05
35400 8.9e-05
35500 7.7e-05
35600 7.8e-05
35700 7.7e-05
35800 7.8e-05
35900 7.8e-05
36000 7.8e-05
36100 7.7e-05
36200 7.9e-05
36300 7.9e-05
36400 7.9e-05
36500 7.9e-05
36600 8e-05
36700 7.9e-05
36800 8e-05
36900 8e-05
37000 8.8e-05
37100 8.2e-05
37200 8.6e-05
37300 8.2e-05
37400 8.3e-05
37500 8.3e-05
37600 8.3e-05
37700 8.3e-05
37800 8.5e-05
37900 8.3e-05
38000 8.3e-05
38100 9e-05
38200 8.2e-05
38300 8.3e-05
38400 8.3e-05
38500 8.3e-05
38600 8.3e-05
38700 8.4e-05
38800 8.3e-05
38900 8.3e-05
39000 8.4e-05
39100 8.5e-05
39200 8.7e-05
39300 8.5e-05
39400 8.5e-05
39500 8.6e-05
39600 9.8e-05
39700 8.6e-05
39800 8.7e-05
39900 8.6e-05
40000 8.7e-05
40100 8.7e-05
40200 8.8e-05
40300 0.000103
40400 8.9e-05
40500 8.7e-05
40600 8.9e-05
40700 8.7e-05
40800 8.8e-05
40900 8.9e-05
41000 8.9e-05
41100 8.9e-05
41200 9.3e-05
41300 8.9e-05
41400 8.8e-05
41500 8.9e-05
41600 9e-05
41700 9e-05
41800 9e-05
41900 9e-05
42000 9.1e-05
42100 9.1e-05
42200 9.2e-05
42300 9.2e-05
42400 9.6e-05
42500 9.1e-05
42600 9.2e-05
42700 9.4e-05
42800 9.2e-05
42900 9.3e-05
43000 9.2e-05
43100 9.3e-05
43200 9.3e-05
43300 0.000104
43400 9.4e-05
43500 9.4e-05
43600 9.6e-05
43700 9.4e-05
43800 9.5e-05
43900 9.9e-05
44000 9.4e-05
44100 9.6e-05
44200 0.000104
44300 9.6e-05
44400 0.00011
44500 9.5e-05
44600 9.6e-05
44700 9.8e-05
44800 9.6e-05
44900 0.000117
45000 9.8e-05
45100 0.0001
45200 0.000108
45300 9.9e-05
45400 9.9e-05
45500 9.8e-05
45600 0.000113
45700 9.9e-05
45800 9.8e-05
45900 9.9e-05
46000 0.0001
46100 0.000109
46200 0.000108
46300 0.0001
46400 9.9e-05
46500 0.000101
46600 0.0001
46700 0.000102
46800 0.000101
46900 0.000102
47000 0.000101
47100 0.000101
47200 0.000102
47300 0.000102
47400 0.000103
47500 0.000115
47600 0.000102
47700 0.000102
47800 0.000104
47900 0.000103
48000 0.000103
48100 0.000104
48200 0.000103
48300 0.000114
48400 0.000124
48500 0.000115
48600 0.000104
48700 0.000108
48800 0.000105
48900 0.00017
49000 0.000106
49100 0.000108
49200 0.000105
49300 0.000115
49400 0.000106
49500 0.000108
49600 0.000108
49700 0.000107
49800 0.000119
49900 0.000108
50000 0.000108
50100 0.000139
50200 0.000107
50300 0.000118
50400 0.000109
50500 0.000109
50600 0.00011
50700 0.000111
50800 0.00011
50900 0.000111
51000 0.00011
51100 0.000113
51200 0.000115
51300 0.000133
51400 0.000114
51500 0.000114
51600 0.000111
51700 0.000111
51800 0.000112
51900 0.000111
52000 0.00013
52100 0.000116
52200 0.000115
52300 0.000123
52400 0.000111
52500 0.000112
52600 0.000113
52700 0.000115
52800 0.000114
52900 0.000112
53000 0.000115
53100 0.000115
53200 0.000115
53300 0.000145
53400 0.000114
53500 0.000116
53600 0.000115
53700 0.000116
53800 0.000116
53900 0.000117
54000 0.000118
54100 0.000127
54200 0.000123
54300 0.000134
54400 0.000121
54500 0.000121
54600 0.000118
54700 0.000152
54800 0.000118
54900 0.000117
55000 0.000119
55100 0.000124
55200 0.000119
55300 0.000132
55400 0.00012
55500 0.000139
55600 0.00012
55700 0.00012
55800 0.00012
55900 0.000123
56000 0.00012
56100 0.00012
56200 0.000122
56300 0.000149
56400 0.000121
56500 0.000121
56600 0.000121
56700 0.000122
56800 0.000122
56900 0.000127
57000 0.000121
57100 0.000128
57200 0.000123
57300 0.000141
57400 0.000123
57500 0.000124
57600 0.000124
57700 0.000124
57800 0.000125
57900 0.000124
58000 0.000126
58100 0.000126
58200 0.000125
58300 0.000124
58400 0.000141
58500 0.000174
58600 0.000126
58700 0.00013
58800 0.000131
58900 0.000129
59000 0.00013
59100 0.000129
59200 0.000128
59300 0.000139
59400 0.000128
59500 0.000128
59600 0.000128
59700 0.000128
59800 0.000127
59900 0.000133
60000 0.000131
60100 0.000138
60200 0.000129
60300 0.000158
60400 0.00013
60500 0.000132
60600 0.000131
60700 0.000131
60800 0.000169
60900 0.000132
61000 0.000135
61100 0.000137
61200 0.00013
61300 0.000142
61400 0.000157
61500 0.000132
61600 0.000133
61700 0.000143
61800 0.000152
61900 0.000133
62000 0.000144
62100 0.000137
62200 0.000145
62300 0.000147
62400 0.000143
62500 0.000137
62600 0.000139
62700 0.00017
62800 0.000139
62900 0.000139
63000 0.000141
63100 0.000147
63200 0.000136
63300 0.000136
63400 0.000137
63500 0.000137
63600 0.000136
63700 0.000137
63800 0.000137
63900 0.000137
64000 0.000137
64100 0.000137
64200 0.000138
64300 0.000138
64400 0.000163
64500 0.000143
64600 0.000142
64700 0.000142
64800 0.000146
64900 0.000139
65000 0.000153
65100 0.00014
65200 0.00014
65300 0.00014
65400 0.00014
65500 0.000149
65600 0.00014
65700 0.000196
65800 0.000142
65900 0.000158
66000 0.000147
66100 0.000155
66200 0.000142
66300 0.000143
66400 0.000141
66500 0.000174
66600 0.000146
66700 0.000144
66800 0.000143
66900 0.000175
67000 0.000192
67100 0.000145
67200 0.000144
67300 0.000145
67400 0.000145
67500 0.000144
67600 0.000146
67700 0.000148
67800 0.000145
67900 0.000146
68000 0.000146
68100 0.000196
68200 0.000145
68300 0.000329
68400 0.000147
68500 0.000146
68600 0.000146
68700 0.000147
68800 0.000161
68900 0.000148
69000 0.000196
69100 0.000148
69200 0.000148
69300 0.00015
69400 0.000149
69500 0.00015
69600 0.000149
69700 0.000151
69800 0.000149
69900 0.000149
70000 0.00018
70100 0.000157
70200 0.000154
70300 0.000158
70400 0.00015
70500 0.000161
70600 0.000151
70700 0.000174
70800 0.000154
70900 0.000152
71000 0.000152
71100 0.000153
71200 0.000153
71300 0.000153
71400 0.000153
71500 0.000154
71600 0.000207
71700 0.000159
71800 0.000153
71900 0.000155
72000 0.000199
72100 0.000154
72200 0.000157
72300 0.000156
72400 0.000155
72500 0.000178
72600 0.000197
72700 0.000156
72800 0.000156
72900 0.000176
73000 0.00022
73100 0.000156
73200 0.000158
73300 0.000157
73400 0.000174
73500 0.000156
73600 0.000162
73700 0.000162
73800 0.000222
73900 0.000162
74000 0.000164
74100 0.000159
74200 0.000159
74300 0.00016
74400 0.000159
74500 0.000159
74600 0.00016
74700 0.000159
74800 0.000161
74900 0.000164
75000 0.000165
75100 0.000166
75200 0.00016
75300 0.000177
75400 0.000162
75500 0.000236
75600 0.000162
75700 0.000162
75800 0.000163
75900 0.000163
76000 0.000163
76100 0.000163
76200 0.000191
76300 0.000163
76400 0.000164
76500 0.000207
76600 0.000164
76700 0.000165
76800 0.000205
76900 0.000165
77000 0.000165
77100 0.00019
77200 0.00017
77300 0.00017
77400 0.000164
77500 0.000166
77600 0.000188
77700 0.000166
77800 0.000167
77900 0.000167
78000 0.000166
78100 0.000167
78200 0.000166
78300 0.000168
78400 0.000169
78500 0.000168
78600 0.000179
78700 0.000169
78800 0.000169
78900 0.000176
79000 0.000185
79100 0.000169
79200 0.00017
79300 0.00017
79400 0.00017
79500 0.00017
79600 0.000171
79700 0.000171
79800 0.000169
79900 0.000191
80000 0.000171
80100 0.000221
80200 0.000171
80300 0.000172
80400 0.000172
80500 0.000172
80600 0.000172
80700 0.000203
80800 0.000188
80900 0.000173
81000 0.000173
81100 0.000174
81200 0.000174
81300 0.000174
81400 0.000173
81500 0.00018
81600 0.000179
81700 0.000206
81800 0.000175
81900 0.000175
82000 0.000176
82100 0.000176
82200 0.000213
82300 0.000176
82400 0.000177
82500 0.000176
82600 0.000176
82700 0.000177
82800 0.000178
82900 0.000177
83000 0.000194
83100 0.00021
83200 0.000178
83300 0.000179
83400 0.000179
83500 0.000179
83600 0.000179
83700 0.000177
83800 0.000179
83900 0.000179
84000 0.0002
84100 0.00018
84200 0.000186
84300 0.000186
84400 0.000181
84500 0.000196
84600 0.000182
84700 0.000182
84800 0.000181
84900 0.000181
85000 0.000181
85100 0.000182
85200 0.000182
85300 0.000182
85400 0.000204
85500 0.000182
85600 0.000183
85700 0.000184
85800 0.000195
85900 0.000184
86000 0.000192
86100 0.000184
86200 0.000184
86300 0.000211
86400 0.000186
86500 0.000184
86600 0.000184
86700 0.000209
86800 0.000186
86900 0.000186
87000 0.000191
87100 0.000187
87200 0.000222
87300 0.000186
87400 0.000188
87500 0.000188
87600 0.000188
87700 0.000188
87800 0.000187
87900 0.00022
88000 0.000188
88100 0.000233
88200 0.000189
88300 0.000188
88400 0.000189
88500 0.00019
88600 0.00019
88700 0.00019
88800 0.00019
88900 0.000191
89000 0.000209
89100 0.00019
89200 0.000191
89300 0.000192
89400 0.000192
89500 0.000269
89600 0.000204
89700 0.000196
89800 0.000193
89900 0.000193
90000 0.000192
90100 0.000214
90200 0.000194
90300 0.000193
90400 0.000194
90500 0.000193
90600 0.000193
90700 0.000195
90800 0.000214
90900 0.000194
91000 0.000194
91100 0.000195
91200 0.000207
91300 0.000196
91400 0.000196
91500 0.000194
91600 0.000196
91700 0.000215
91800 0.000197
91900 0.000197
92000 0.000196
92100 0.000198
92200 0.000216
92300 0.000196
92400 0.000197
92500 0.000198
92600 0.000199
92700 0.00021
92800 0.000198
92900 0.000199
93000 0.000198
93100 0.0002
93200 0.000199
93300 0.0002
93400 0.000218
93500 0.0002
93600 0.000199
93700 0.000201
93800 0.000201
93900 0.000202
94000 0.000201
94100 0.000202
94200 0.000201
94300 0.000205
94400 0.000208
94500 0.000201
94600 0.000205
94700 0.000203
94800 0.000306
94900 0.000202
95000 0.000203
95100 0.000205
95200 0.000226
95300 0.000203
95400 0.000202
95500 0.000205
95600 0.000226
95700 0.000204
95800 0.000204
95900 0.000206
96000 0.000205
96100 0.000207
96200 0.000226
96300 0.000205
96400 0.000206
96500 0.000207
96600 0.000206
96700 0.000231
96800 0.000207
96900 0.00021
97000 0.000208
97100 0.000206
97200 0.000218
97300 0.00021
97400 0.000208
97500 0.000208
97600 0.000216
97700 0.000209
97800 0.000232
97900 0.00021
98000 0.00021
98100 0.000209
98200 0.000209
98300 0.000213
98400 0.00021
98500 0.000214
98600 0.000211
98700 0.000229
98800 0.00021
98900 0.00021
99000 0.000215
99100 0.000211
99200 0.000215
99300 0.00021
99400 0.000212
99500 0.000219
99600 0.000216
99700 0.000213
99800 0.000214
99900 0.000213
100000 0.000213
100100 0.000215
100200 0.000239
100300 0.000216
100400 0.000214
100500 0.000234
100600 0.000215
100700 0.000226
100800 0.000216
100900 0.000222
101000 0.000222
101100 0.000216
101200 0.000217
101300 0.000217
101400 0.000217
101500 0.000237
101600 0.000222
101700 0.000223
101800 0.000224
101900 0.000216
102000 0.00023
102100 0.000217
102200 0.000223
102300 0.000239
102400 0.000219
102500 0.00022
102600 0.000222
102700 0.00039
102800 0.000224
102900 0.000219
103000 0.000219
103100 0.00022
103200 0.000249
103300 0.00023
103400 0.000225
103500 0.000221
103600 0.000221
103700 0.000223
103800 0.000226
103900 0.000225
104000 0.00025
104100 0.000222
104200 0.000223
104300 0.000224
104400 0.000224
104500 0.000224
104600 0.000236
104700 0.000233
104800 0.000223
104900 0.000224
105000 0.000245
105100 0.000226
105200 0.000225
105300 0.000234
105400 0.000235
105500 0.00023
105600 0.000227
105700 0.000266
105800 0.000305
105900 0.000225
106000 0.000227
106100 0.000227
106200 0.00027
106300 0.000233
106400 0.000228
106500 0.000266
106600 0.000228
106700 0.000228
106800 0.000231
106900 0.000228
107000 0.000229
107100 0.000228
107200 0.000229
107300 0.000262
107400 0.000255
107500 0.000229
107600 0.00023
107700 0.00023
107800 0.00023
107900 0.000264
108000 0.00023
108100 0.000267
108200 0.000264
108300 0.00023
108400 0.000234
108500 0.000242
108600 0.000232
108700 0.000233
108800 0.000232
108900 0.000231
109000 0.00024
109100 0.000251
109200 0.00046
109300 0.000235
109400 0.000234
109500 0.000234
109600 0.000235
109700 0.000235
109800 0.000233
109900 0.000279
110000 0.0003
110100 0.000238
110200 0.000235
110300 0.000236
110400 0.000237
110500 0.00024
110600 0.000236
110700 0.000235
110800 0.000236
110900 0.000237
111000 0.000237
111100 0.000239
111200 0.000238
111300 0.000238
111400 0.000238
111500 0.000236
111600 0.000265
111700 0.00024
111800 0.000239
111900 0.000267
112000 0.000241
112100 0.000241
112200 0.000242
112300 0.000243
112400 0.00024
112500 0.00024
112600 0.000243
112700 0.000247
112800 0.00024
112900 0.00024
113000 0.000239
113100 0.000263
113200 0.000255
113300 0.000264
113400 0.000241
113500 0.000242
113600 0.000245
113700 0.000245
113800 0.000249
113900 0.000248
114000 0.000243
114100 0.000247
114200 0.000351
114300 0.000244
114400 0.000244
114500 0.000245
114600 0.000244
114700 0.000245
114800 0.000247
114900 0.00025
115000 0.000246
115100 0.000246
115200 0.000245
115300 0.000246
115400 0.000285
115500 0.000248
115600 0.000247
115700 0.000246
115800 0.000276
115900 0.000248
116000 0.000248
116100 0.000422
116200 0.000248
116300 0.000248
116400 0.000249
116500 0.000255
116600 0.000249
116700 0.000248
116800 0.000249
116900 0.00025
117000 0.000248
117100 0.000252
117200 0.000249
117300 0.000259
117400 0.00025
117500 0.00028
117600 0.00034
117700 0.00025
117800 0.000252
117900 0.000251
118000 0.000252
118100 0.000252
118200 0.000251
118300 0.000256
118400 0.000262
118500 0.000253
118600 0.000254
118700 0.000253
118800 0.000253
118900 0.000254
119000 0.000268
119100 0.000254
119200 0.000306
119300 0.000295
119400 0.000254
119500 0.000262
119600 0.000263
119700 0.000256
119800 0.000257
119900 0.000256
120000 0.000263
120100 0.000255
120200 0.00051
120300 0.00026
120400 0.000258
120500 0.000258
120600 0.000256
120700 0.000257
120800 0.000292
120900 0.000292
121000 0.000259
121100 0.000259
121200 0.000261
121300 0.000265
121400 0.000259
121500 0.000258
121600 0.000305
121700 0.000267
121800 0.00026
121900 0.000263
122000 0.000259
122100 0.000261
122200 0.000284
122300 0.000268
122400 0.000295
122500 0.000262
122600 0.000262
122700 0.000262
122800 0.00035
122900 0.000262
123000 0.000261
123100 0.00028
123200 0.000264
123300 0.000261
123400 0.000263
123500 0.000262
123600 0.000263
123700 0.000264
123800 0.000266
123900 0.000265
124000 0.000265
124100 0.000318
124200 0.000266
124300 0.000289
124400 0.000272
124500 0.000306
124600 0.000266
124700 0.000267
124800 0.000265
124900 0.000309
125000 0.000295
125100 0.000268
125200 0.000269
125300 0.000268
125400 0.000266
125500 0.000268
125600 0.000269
125700 0.000268
125800 0.000283
125900 0.000268
126000 0.000274
126100 0.0003
126200 0.000275
126300 0.000271
126400 0.000269
126500 0.00027
126600 0.00027
126700 0.00027
126800 0.000271
126900 0.000278
127000 0.000269
127100 0.000272
127200 0.000274
127300 0.000271
127400 0.000272
127500 0.000275
127600 0.000298
127700 0.000272
127800 0.000271
127900 0.000272
128000 0.00028
128100 0.000273
128200 0.000298
128300 0.000273
128400 0.000279
128500 0.000278
128600 0.000274
128700 0.000292
128800 0.000274
128900 0.000279
129000 0.000311
129100 0.00034
129200 0.000276
129300 0.000275
129400 0.000275
129500 0.000279
129600 0.000275
129700 0.000276
129800 0.000276
129900 0.000276
130000 0.000279
130100 0.000297
130200 0.000277
130300 0.000287
130400 0.000289
130500 0.000277
130600 0.000305
130700 0.000278
130800 0.000284
130900 0.000279
131000 0.000278
131100 0.000281
131200 0.000279
131300 0.000289
131400 0.000306
131500 0.000283
131600 0.000279
131700 0.000283
131800 0.000281
131900 0.000281
132000 0.000309
132100 0.00028
132200 0.000309
132300 0.000283
132400 0.000406
132500 0.000283
132600 0.000283
132700 0.000284
132800 0.000283
132900 0.000283
133000 0.000314
133100 0.000407
133200 0.000284
133300 0.000284
133400 0.000284
133500 0.000284
133600 0.000285
133700 0.000286
133800 0.000321
133900 0.000285
134000 0.000285
134100 0.000285
134200 0.000284
134300 0.000295
134400 0.000295
134500 0.000287
134600 0.000344
134700 0.000288
134800 0.0003
134900 0.000329
135000 0.000313
135100 0.000287
135200 0.000289
135300 0.000297
135400 0.000317
135500 0.000299
135600 0.000494
135700 0.000289
135800 0.00029
135900 0.00029
136000 0.00029
136100 0.00029
136200 0.000317
136300 0.000356
136400 0.000298
136500 0.000299
136600 0.000302
136700 0.00029
136800 0.000292
136900 0.000291
137000 0.000307
137100 0.000293
137200 0.000293
137300 0.000293
137400 0.000294
137500 0.000294
137600 0.000291
137700 0.000293
137800 0.000338
137900 0.000293
138000 0.000293
138100 0.000489
138200 0.000295
138300 0.000295
138400 0.000325
138500 0.000295
138600 0.000323
138700 0.000296
138800 0.000464
138900 0.000296
139000 0.000296
139100 0.000296
139200 0.000296
139300 0.000297
139400 0.000323
139500 0.000355
139600 0.000298
139700 0.000297
139800 0.000298
139900 0.000318
140000 0.000299
140100 0.000297
140200 0.000344
140300 0.000299
140400 0.0003
140500 0.0003
140600 0.000298
140700 0.000301
140800 0.0003
140900 0.0003
141000 0.0003
141100 0.00031
141200 0.0003
141300 0.000309
141400 0.000309
141500 0.0003
141600 0.000304
141700 0.000301
141800 0.000331
141900 0.000301
142000 0.000304
142100 0.000303
142200 0.000303
142300 0.000313
142400 0.000304
142500 0.000304
142600 0.000332
142700 0.000306
142800 0.000305
142900 0.000303
143000 0.000313
143100 0.000304
143200 0.000304
143300 0.000306
143400 0.000334
143500 0.000306
143600 0.000307
143700 0.000306
143800 0.000306
143900 0.000307
144000 0.000307
144100 0.000325
144200 0.000337
144300 0.000308
144400 0.000308
144500 0.000308
144600 0.000307
144700 0.000306
144800 0.00035
144900 0.000309
145000 0.000309
145100 0.000309
145200 0.000309
145300 0.00031
145400 0.00031
145500 0.000536
145600 0.00031
145700 0.000311
145800 0.000312
145900 0.000319
146000 0.000319
146100 0.000333
146200 0.00032
146300 0.000311
146400 0.000313
146500 0.000347
146600 0.000314
146700 0.000312
146800 0.000312
146900 0.000444
147000 0.000312
147100 0.000313
147200 0.000312
147300 0.000341
147400 0.000314
147500 0.000321
147600 0.000526
147700 0.000314
147800 0.000316
147900 0.000313
148000 0.000316
148100 0.000348
148200 0.000316
148300 0.00032
148400 0.000315
148500 0.000316
148600 0.000317
148700 0.000316
148800 0.000315
148900 0.000318
149000 0.000322
149100 0.000317
149200 0.000319
149300 0.000328
149400 0.000318
149500 0.000319
149600 0.000319
149700 0.000335
149800 0.00032
149900 0.000319
150000 0.000319
150100 0.000318
150200 0.000319
150300 0.00032
150400 0.000321
150500 0.00035
150600 0.000321
150700 0.000562
150800 0.000321
150900 0.000322
151000 0.000322
151100 0.000321
151200 0.000322
151300 0.000355
151400 0.000543
151500 0.000321
151600 0.000354
151700 0.000321
151800 0.000324
151900 0.000324
152000 0.000324
152100 0.000334
152200 0.000325
152300 0.000323
152400 0.000325
152500 0.000325
152600 0.000326
152700 0.000326
152800 0.000379
152900 0.000326
153000 0.000343
153100 0.000326
153200 0.000325
153300 0.000327
153400 0.000326
153500 0.000327
153600 0.000328
153700 0.000328
153800 0.000367
153900 0.000327
154000 0.000328
154100 0.000328
154200 0.000342
154300 0.000329
154400 0.000341
154500 0.000349
154600 0.000328
154700 0.00033
154800 0.000329
154900 0.000329
155000 0.000329
155100 0.00033
155200 0.000331
155300 0.000331
155400 0.000331
155500 0.000331
155600 0.000334
155700 0.000332
155800 0.000353
155900 0.000361
156000 0.000332
156100 0.000332
156200 0.000331
156300 0.000342
156400 0.000343
156500 0.000342
156600 0.000332
156700 0.000365
156800 0.000333
156900 0.000367
157000 0.000333
157100 0.000353
157200 0.000333
157300 0.000336
157400 0.0004
157500 0.000357
157600 0.000393
157700 0.000336
157800 0.000336
157900 0.000336
158000 0.000336
158100 0.000337
158200 0.000336
158300 0.000407
158400 0.000336
158500 0.000337
158600 0.000393
158700 0.000338
158800 0.000338
158900 0.000336
159000 0.000391
159100 0.000339
159200 0.000338
159300 0.000482
159400 0.00034
159500 0.00034
159600 0.00034
159700 0.00034
159800 0.000341
159900 0.000341
160000 0.000417
160100 0.000339
160200 0.000342
160300 0.00034
160400 0.000343
160500 0.000383
160600 0.000367
160700 0.000341
160800 0.000341
160900 0.000343
161000 0.000342
161100 0.000342
161200 0.000342
161300 0.000398
161400 0.000344
161500 0.000344
161600 0.000343
161700 0.000398
161800 0.000345
161900 0.000388
162000 0.000343
162100 0.000366
162200 0.000345
162300 0.000346
162400 0.000358
162500 0.000345
162600 0.000346
162700 0.000345
162800 0.000399
162900 0.000346
163000 0.000347
163100 0.00035
163200 0.000348
163300 0.000348
163400 0.000347
163500 0.000348
163600 0.000349
163700 0.000349
163800 0.000349
163900 0.000349
164000 0.000349
164100 0.000348
164200 0.000351
164300 0.000352
164400 0.000423
164500 0.000351
164600 0.000351
164700 0.000351
164800 0.000351
164900 0.000351
165000 0.000351
165100 0.000353
165200 0.000352
165300 0.000352
165400 0.000389
165500 0.000353
165600 0.000352
165700 0.000353
165800 0.00038
165900 0.000353
166000 0.000354
166100 0.000418
166200 0.000354
166300 0.000353
166400 0.000389
166500 0.000404
166600 0.000366
166700 0.000366
166800 0.000356
166900 0.000355
167000 0.000356
167100 0.000354
167200 0.000356
167300 0.000356
167400 0.000395
167500 0.000357
167600 0.000356
167700 0.000404
167800 0.000357
167900 0.000356
168000 0.000392
168100 0.000359
168200 0.000359
168300 0.000358
168400 0.000377
168500 0.000358
168600 0.000359
168700 0.000382
168800 0.00037
168900 0.00037
169000 0.000359
169100 0.00036
169200 0.00037
169300 0.000371
169400 0.000362
169500 0.000383
169600 0.000361
169700 0.000361
169800 0.000362
169900 0.000361
170000 0.000362
170100 0.000362
170200 0.000362
170300 0.000363
170400 0.000552
170500 0.000361
170600 0.000362
170700 0.000363
170800 0.000362
170900 0.000364
171000 0.000369
171100 0.000376
171200 0.000364
171300 0.000365
171400 0.000365
171500 0.000364
171600 0.000364
171700 0.000364
171800 0.000447
171900 0.000366
172000 0.000375
172100 0.000387
172200 0.000366
172300 0.000367
172400 0.000411
172500 0.000367
172600 0.000367
172700 0.000368
172800 0.000367
172900 0.000367
173000 0.000369
173100 0.000369
173200 0.000371
173300 0.000368
173400 0.000437
173500 0.000369
173600 0.00037
173700 0.000371
173800 0.000367
173900 0.000371
174000 0.00037
174100 0.000372
174200 0.00037
174300 0.000371
174400 0.000371
174500 0.000371
174600 0.000372
174700 0.000396
174800 0.000372
174900 0.000372
175000 0.000373
175100 0.000371
175200 0.000374
175300 0.000373
175400 0.000445
175500 0.000379
175600 0.000373
175700 0.000449
175800 0.000382
175900 0.000374
176000 0.000375
176100 0.000375
176200 0.000395
176300 0.000475
176400 0.000386
176500 0.000393
176600 0.000387
176700 0.000386
176800 0.000375
176900 0.000378
177000 0.000428
177100 0.000377
177200 0.000376
177300 0.000386
177400 0.000379
177500 0.000413
177600 0.000405
177700 0.000386
177800 0.000378
177900 0.000388
178000 0.000383
178100 0.000379
178200 0.000379
178300 0.000661
178400 0.000387
178500 0.000379
178600 0.00038
178700 0.000391
178800 0.00038
178900 0.000381
179000 0.00038
179100 0.000398
179200 0.000382
179300 0.00045
179400 0.000385
179500 0.000382
179600 0.000386
179700 0.000382
179800 0.000383
179900 0.000391
180000 0.000385
180100 0.000382
180200 0.000384
180300 0.000385
180400 0.000384
180500 0.000427
180600 0.000437
180700 0.000389
180800 0.000404
180900 0.000385
181000 0.000384
181100 0.000386
181200 0.000384
181300 0.00041
181400 0.000385
181500 0.000393
181600 0.000536
181700 0.000397
181800 0.000419
181900 0.000386
182000 0.000429
182100 0.000392
182200 0.000387
182300 0.000387
182400 0.000386
182500 0.000389
182600 0.0004
182700 0.000389
182800 0.00039
182900 0.00043
183000 0.00039
183100 0.000392
183200 0.000391
183300 0.00039
183400 0.000391
183500 0.000426
183600 0.000396
183700 0.000391
183800 0.000405
183900 0.000403
184000 0.000391
184100 0.00039
184200 0.000433
184300 0.000392
184400 0.000395
184500 0.000392
184600 0.000399
184700 0.000394
184800 0.000382
184900 0.000435
185000 0.000408
185100 0.000395
185200 0.000496
185300 0.000397
185400 0.000394
185500 0.00047
185600 0.000442
185700 0.000401
185800 0.000394
185900 0.000395
186000 0.000396
186100 0.000444
186200 0.000418
186300 0.000458
186400 0.000416
186500 0.000409
186600 0.000396
186700 0.000397
186800 0.000406
186900 0.000453
187000 0.000398
187100 0.000454
187200 0.000398
187300 0.0004
187400 0.000432
187500 0.00041
187600 0.000411
187700 0.000443
187800 0.0004
187900 0.0004
188000 0.000421
188100 0.000403
188200 0.000405
188300 0.000401
188400 0.000446
188500 0.000415
188600 0.000402
188700 0.000404
188800 0.000401
188900 0.000404
189000 0.000403
189100 0.000448
189200 0.000402
189300 0.000477
189400 0.000408
189500 0.000402
189600 0.000404
189700 0.000404
189800 0.000481
189900 0.000432
190000 0.000408
190100 0.000404
190200 0.000406
190300 0.000404
190400 0.000405
190500 0.000446
190600 0.000407
190700 0.000407
190800 0.000405
190900 0.000444
191000 0.000424
191100 0.000407
191200 0.000452
191300 0.000405
191400 0.000414
191500 0.000493
191600 0.000406
191700 0.000408
191800 0.000423
191900 0.00048
192000 0.000409
192100 0.000409
192200 0.00041
192300 0.000409
192400 0.000409
192500 0.00041
192600 0.000453
192700 0.00041
192800 0.000453
192900 0.000411
193000 0.000411
193100 0.000465
193200 0.000417
193300 0.000449
193400 0.000465
193500 0.000412
193600 0.000412
193700 0.000446
193800 0.000412
193900 0.000413
194000 0.000412
194100 0.000412
194200 0.000413
194300 0.000413
194400 0.000694
194500 0.000419
194600 0.000415
194700 0.000415
194800 0.000415
194900 0.000415
195000 0.00074
195100 0.000421
195200 0.000415
195300 0.000426
195400 0.000466
195500 0.000416
195600 0.000452
195700 0.000428
195800 0.000416
195900 0.000429
196000 0.000437
196100 0.000464
196200 0.000416
196300 0.000418
196400 0.00042
196500 0.000421
196600 0.000418
196700 0.000427
196800 0.000494
196900 0.000445
197000 0.000421
197100 0.00042
197200 0.000713
197300 0.000485
197400 0.00042
197500 0.00043
197600 0.000421
197700 0.000435
197800 0.000609
197900 0.000473
198000 0.000421
198100 0.000425
198200 0.000463
198300 0.000421
198400 0.000422
198500 0.00043
198600 0.000423
198700 0.000423
198800 0.000436
198900 0.000425
199000 0.000424
199100 0.000438
199200 0.000427
199300 0.000423
199400 0.000423
199500 0.000428
199600 0.000435
199700 0.000476
199800 0.000424
199900 0.000426
200000 0.000437
200100 0.000429
200200 0.000427
200300 0.0005
200400 0.000426
200500 0.000426
200600 0.000427
200700 0.000428
200800 0.000449
200900 0.000472
201000 0.000439
201100 0.000427
201200 0.000439
201300 0.000491
201400 0.000432
201500 0.000455
201600 0.000431
201700 0.000468
201800 0.000428
201900 0.000428
202000 0.000431
202100 0.000428
202200 0.000435
202300 0.000431
202400 0.000489
202500 0.000504
202600 0.000431
202700 0.000431
202800 0.000441
202900 0.000437
203000 0.000431
203100 0.000478
203200 0.000432
203300 0.000437
203400 0.000433
203500 0.000436
203600 0.000434
203700 0.000432
203800 0.000471
203900 0.000448
204000 0.000432
204100 0.000446
204200 0.000434
204300 0.000435
204400 0.000432
204500 0.000505
204600 0.000435
204700 0.000521
204800 0.000436
204900 0.000436
205000 0.000446
205100 0.000435
205200 0.000504
205300 0.000593
205400 0.000442
205500 0.000457
205600 0.000446
205700 0.000438
205800 0.000439
205900 0.000459
206000 0.000438
206100 0.000439
206200 0.000454
206300 0.000465
206400 0.000438
206500 0.000442
206600 0.000449
206700 0.000439
206800 0.00044
206900 0.000441
207000 0.000451
207100 0.000445
207200 0.000463
207300 0.000498
207400 0.00045
207500 0.00044
207600 0.000442
207700 0.000444
207800 0.000443
207900 0.000442
208000 0.000495
208100 0.000441
208200 0.000443
208300 0.000446
208400 0.000443
208500 0.000443
208600 0.000443
208700 0.000513
208800 0.000444
208900 0.000445
209000 0.000512
209100 0.000445
209200 0.000445
209300 0.000443
209400 0.000517
209500 0.000461
209600 0.000479
209700 0.000489
209800 0.000446
209900 0.000473
210000 0.00046
210100 0.000453
210200 0.000756
210300 0.000453
210400 0.000452
210500 0.000458
210600 0.000473
210700 0.000449
210800 0.000515
210900 0.000446
211000 0.000449
211100 0.000546
211200 0.000447
211300 0.000456
211400 0.000453
211500 0.000512
211600 0.000458
211700 0.000454
211800 0.000512
211900 0.000451
212000 0.000452
212100 0.000465
212200 0.000452
212300 0.000452
212400 0.000512
212500 0.000462
212600 0.00045
212700 0.00046
212800 0.000456
212900 0.000542
213000 0.000454
213100 0.000455
213200 0.000465
213300 0.000467
213400 0.000477
213500 0.000455
213600 0.000503
213700 0.000458
213800 0.000455
213900 0.000523
214000 0.000465
214100 0.000456
214200 0.000454
214300 0.000476
214400 0.000492
214500 0.000483
214600 0.000456
214700 0.000457
214800 0.000473
214900 0.000457
215000 0.0005
215100 0.00047
215200 0.000457
215300 0.000459
215400 0.000456
215500 0.000463
215600 0.000457
215700 0.000506
215800 0.000469
215900 0.000459
216000 0.00046
216100 0.000516
216200 0.00046
216300 0.000462
216400 0.000463
216500 0.000534
216600 0.000476
216700 0.000461
216800 0.000462
216900 0.000467
217000 0.000473
217100 0.000502
217200 0.000541
217300 0.000463
217400 0.000461
217500 0.000475
217600 0.00046
217700 0.000466
217800 0.000507
217900 0.000475
218000 0.000463
218100 0.000465
218200 0.000465
218300 0.000469
218400 0.000464
218500 0.000545
218600 0.000489
218700 0.000465
218800 0.000472
218900 0.000467
219000 0.000464
219100 0.000473
219200 0.00052
219300 0.000571
219400 0.000467
219500 0.000495
219600 0.000467
219700 0.000467
219800 0.000468
219900 0.000518
220000 0.000468
220100 0.00048
220200 0.000482
220300 0.000505
220400 0.00047
220500 0.000505
220600 0.00047
220700 0.000469
220800 0.000531
220900 0.000476
221000 0.000471
221100 0.000478
221200 0.000515
221300 0.000477
221400 0.000472
221500 0.000472
221600 0.000534
221700 0.000494
221800 0.000472
221900 0.000473
222000 0.000585
222100 0.000473
222200 0.000507
222300 0.000471
222400 0.000473
222500 0.000477
222600 0.000552
222700 0.000478
222800 0.000485
222900 0.000472
223000 0.000474
223100 0.000474
223200 0.000579
223300 0.00052
223400 0.000499
223500 0.000502
223600 0.00054
223700 0.000496
223800 0.000519
223900 0.000481
224000 0.000477
224100 0.000781
224200 0.000484
224300 0.00048
224400 0.00048
224500 0.00048
224600 0.000478
224700 0.000506
224800 0.000527
224900 0.000478
225000 0.000494
225100 0.000487
225200 0.000481
225300 0.000488
225400 0.000529
225500 0.000479
225600 0.000479
225700 0.00049
225800 0.000481
225900 0.000481
226000 0.000481
226100 0.000481
226200 0.000667
226300 0.000481
226400 0.000482
226500 0.000518
226600 0.00052
226700 0.000487
226800 0.000615
226900 0.000486
227000 0.000482
227100 0.000484
227200 0.000493
227300 0.000483
227400 0.000482
227500 0.000538
227600 0.000503
227700 0.000485
227800 0.000488
227900 0.000484
228000 0.000486
228100 0.000515
228200 0.000544
228300 0.000501
228400 0.000505
228500 0.000487
228600 0.000508
228700 0.000505
228800 0.000486
228900 0.000486
229000 0.000487
229100 0.000494
229200 0.00058
229300 0.000501
229400 0.000559
229500 0.000499
229600 0.000533
229700 0.000545
229800 0.000585
229900 0.000507
230000 0.000501
230100 0.000502
230200 0.00049
230300 0.000489
230400 0.00049
230500 0.000585
230600 0.000489
230700 0.000516
230800 0.000533
230900 0.000506
231000 0.000492
231100 0.000504
231200 0.000543
231300 0.000491
231400 0.000494
231500 0.000494
231600 0.000492
231700 0.000495
231800 0.000492
231900 0.000493
232000 0.000532
232100 0.000538
232200 0.000491
232300 0.000503
232400 0.000508
232500 0.000503
232600 0.000699
232700 0.000501
232800 0.000495
232900 0.00052
233000 0.000502
233100 0.000508
233200 0.000497
233300 0.000497
233400 0.000499
233500 0.000556
233600 0.000502
233700 0.000497
233800 0.000506
233900 0.000497
234000 0.000526
234100 0.000604
234200 0.000498
234300 0.000501
234400 0.000498
234500 0.000511
234600 0.000499
234700 0.000526
234800 0.000567
234900 0.000507
235000 0.000524
235100 0.000508
235200 0.0005
235300 0.000538
235400 0.000581
235500 0.000501
235600 0.000541
235700 0.0005
235800 0.000505
235900 0.0005
236000 0.00055
236100 0.000542
236200 0.000501
236300 0.000517
236400 0.000537
236500 0.000515
236600 0.00058
236700 0.000984
236800 0.000505
236900 0.000508
237000 0.000534
237100 0.000505
237200 0.000584
237300 0.000492
237400 0.000504
237500 0.000505
237600 0.000505
237700 0.000512
237800 0.000492
237900 0.000506
238000 0.000562
238100 0.000506
238200 0.000558
238300 0.000506
238400 0.000505
238500 0.000496
238600 0.000508
238700 0.000507
238800 0.00051
238900 0.000508
239000 0.000511
239100 0.000509
239200 0.000603
239300 0.000511
239400 0.000524
239500 0.000508
239600 0.000511
239700 0.000522
239800 0.000511
239900 0.000496
240000 0.000569
240100 0.000524
240200 0.000511
240300 0.000515
240400 0.000512
240500 0.000515
240600 0.000557
240700 0.000517
240800 0.000569
240900 0.000509
241000 0.000511
241100 0.000523
241200 0.000608
241300 0.000715
241400 0.00052
241500 0.000513
241600 0.000513
241700 0.000515
241800 0.000515
241900 0.000592
242000 0.000515
242100 0.000514
242200 0.000516
242300 0.000515
242400 0.000515
242500 0.000563
242600 0.000516
242700 0.000515
242800 0.000513
242900 0.000567
243000 0.000565
243100 0.000569
243200 0.000517
243300 0.00059
243400 0.000518
243500 0.000515
243600 0.000524
243700 0.000563
243800 0.000518
243900 0.000653
244000 0.000518
244100 0.000519
244200 0.000522
244300 0.000519
244400 0.000521
244500 0.000542
244600 0.00052
244700 0.00052
244800 0.000545
244900 0.000521
245000 0.000521
245100 0.000519
245200 0.000556
245300 0.000522
245400 0.000549
245500 0.000521
245600 0.000541
245700 0.000549
245800 0.000522
245900 0.000645
246000 0.000539
246100 0.000523
246200 0.000522
246300 0.000524
246400 0.000567
246500 0.000545
246600 0.000539
246700 0.000522
246800 0.000511
246900 0.000525
247000 0.000525
247100 0.000526
247200 0.000524
247300 0.000587
247400 0.000526
247500 0.000526
247600 0.000593
247700 0.000528
247800 0.000528
247900 0.000524
248000 0.000527
248100 0.000528
248200 0.000528
248300 0.000601
248400 0.000529
248500 0.00053
248600 0.000527
248700 0.000533
248800 0.000528
248900 0.000569
249000 0.000658
249100 0.000528
249200 0.000632
249300 0.000678
249400 0.000543
249500 0.000583
249600 0.000545
249700 0.000546
249800 0.000529
249900 0.000532
250000 0.000608
250100 0.000626
250200 0.000533
250300 0.000614
250400 0.000613
250500 0.000531
250600 0.000582
250700 0.000607
250800 0.000605
250900 0.001156
251000 0.000531
251100 0.000533
251200 0.000548
251300 0.000595
251400 0.000569
251500 0.000547
